           1         2         3         4         5         6         7  \
1   1.000000  0.845179  0.328900  0.787446  0.421574  0.400817  0.592131   
2   0.845179  1.000000 -0.069473  0.741666  0.331792  0.042059  0.559026   
3   0.328900 -0.069473  1.000000  0.235936 -0.044193  0.869704  0.059584   
4   0.787446  0.741666  0.235936  1.000000  0.576003  0.307849  0.708287   
5   0.421574  0.331792 -0.044193  0.576003  1.000000  0.016597  0.733555   
6   0.400817  0.042059  0.869704  0.307849  0.016597  1.000000  0.305331   
7   0.592131  0.559026  0.059584  0.708287  0.733555  0.305331  1.000000   
8   0.390070  0.277159  0.351621  0.273407 -0.013061  0.720860  0.545709   
9   0.403419  0.342618 -0.086469  0.275027  0.344699  0.130404  0.557480   
10  0.792769  0.773162  0.212490  0.865530  0.478965  0.438206  0.883432   
11  0.547495  0.379527  0.609242  0.661432  0.561146  0.568180  0.723817   
12  0.317775  0.541281 -0.500236  0.638974  0.616307 -0.307712  0.556426   
13  0.673532  0.466211 -0.024178  0.373384  0.458678  0.173604  0.582563   
14  0.491871  0.252596  0.599588  0.538751  0.118909  0.268306  0.090681   
15  0.859272  0.717320  0.377552  0.648057  0.030957  0.457256  0.325952   
16  0.170225  0.031748  0.116808  0.446113  0.825415  0.276238  0.730857   
17 -0.102724 -0.216410  0.150946 -0.137015 -0.215421  0.051925 -0.225777   
18  0.704544  0.357289  0.456972  0.615382  0.501751  0.312615  0.433964   
19  0.653458  0.662886  0.332737  0.547520  0.509335  0.390099  0.722014   
20  0.546803  0.370953  0.467050  0.864861  0.530593  0.378485  0.577240   
21  0.780880  0.633539  0.368592  0.339327  0.121451  0.494497  0.420977   
22  0.206302  0.038428 -0.157543  0.102968  0.076111 -0.375706 -0.240412   
23 -0.007003  0.316264 -0.469212 -0.088990 -0.051576 -0.398047  0.199842   
24  0.580300  0.386923  0.373701  0.617984  0.239720  0.150678  0.232990   

           8         9        10        11        12        13        14  \
1   0.390070  0.403419  0.792769  0.547495  0.317775  0.673532  0.491871   
2   0.277159  0.342618  0.773162  0.379527  0.541281  0.466211  0.252596   
3   0.351621 -0.086469  0.212490  0.609242 -0.500236 -0.024178  0.599588   
4   0.273407  0.275027  0.865530  0.661432  0.638974  0.373384  0.538751   
5  -0.013061  0.344699  0.478965  0.561146  0.616307  0.458678  0.118909   
6   0.720860  0.130404  0.438206  0.568180 -0.307712  0.173604  0.268306   
7   0.545709  0.557480  0.883432  0.723817  0.556426  0.582563  0.090681   
8   1.000000  0.537116  0.622603  0.383067 -0.063416  0.449921 -0.152477   
9   0.537116  1.000000  0.464113  0.268611  0.241544  0.814332 -0.107651   
10  0.622603  0.464113  1.000000  0.701424  0.524319  0.521959  0.287873   
11  0.383067  0.268611  0.701424  1.000000  0.112424  0.231101  0.555675   
12 -0.063416  0.241544  0.524319  0.112424  1.000000  0.238078 -0.122857   
13  0.449921  0.814332  0.521959  0.231101  0.238078  1.000000  0.052272   
14 -0.152477 -0.107651  0.287873  0.555675 -0.122857  0.052272  1.000000   
15  0.371586  0.139508  0.675068  0.313361  0.208551  0.423014  0.448832   
16  0.228475  0.389846  0.460690  0.589916  0.512723  0.304498 -0.050744   
17 -0.243926 -0.204623 -0.134164 -0.115865 -0.016057 -0.176248  0.061588   
18  0.068784  0.453811  0.477329  0.593485  0.135375  0.628028  0.733852   
19  0.448271  0.352435  0.717595  0.823011  0.164350  0.348747  0.248148   
20  0.101466  0.074996  0.665537  0.769788  0.391614  0.145930  0.752318   
21  0.625488  0.451221  0.558438  0.414614 -0.162310  0.650611  0.207437   
22 -0.479518  0.163690 -0.190873 -0.275642  0.088426  0.380795  0.425700   
23 -0.079459 -0.082902  0.179805 -0.063692  0.259038 -0.065088 -0.301108   
24 -0.215023 -0.167018  0.425653  0.443301  0.209035  0.135585  0.818338   

          15        16        17        18        19        20        21  \
1   0.859272  0.170225 -0.102724  0.704544  0.653458  0.546803  0.780880   
2   0.717320  0.031748 -0.216410  0.357289  0.662886  0.370953  0.633539   
3   0.377552  0.116808  0.150946  0.456972  0.332737  0.467050  0.368592   
4   0.648057  0.446113 -0.137015  0.615382  0.547520  0.864861  0.339327   
5   0.030957  0.825415 -0.215421  0.501751  0.509335  0.530593  0.121451   
6   0.457256  0.276238  0.051925  0.312615  0.390099  0.378485  0.494497   
7   0.325952  0.730857 -0.225777  0.433964  0.722014  0.577240  0.420977   
8   0.371586  0.228475 -0.243926  0.068784  0.448271  0.101466  0.625488   
9   0.139508  0.389846 -0.204623  0.453811  0.352435  0.074996  0.451221   
10  0.675068  0.460690 -0.134164  0.477329  0.717595  0.665537  0.558438   
11  0.313361  0.589916 -0.115865  0.593485  0.823011  0.769788  0.414614   
12  0.208551  0.512723 -0.016057  0.135375  0.164350  0.391614 -0.162310   
13  0.423014  0.304498 -0.176248  0.628028  0.348747  0.145930  0.650611   
14  0.448832 -0.050744  0.061588  0.733852  0.248148  0.752318  0.207437   
15  1.000000 -0.072190  0.252065  0.513534  0.376281  0.441244  0.612714   
16 -0.072190  1.000000  0.046331  0.365053  0.382081  0.512564 -0.082663   
17  0.252065  0.046331  1.000000  0.131500 -0.279640  0.025004 -0.346278   
18  0.513534  0.365053  0.131500  1.000000  0.362681  0.692286  0.391019   
19  0.376281  0.382081 -0.279640  0.362681  1.000000  0.409094  0.688542   
20  0.441244  0.512564  0.025004  0.692286  0.409094  1.000000  0.085165   
21  0.612714 -0.082663 -0.346278  0.391019  0.688542  0.085165  1.000000   
22  0.149055 -0.203546  0.106204  0.562632 -0.408534  0.132135 -0.071077   
23  0.108842 -0.087258  0.316136 -0.297988  0.239230 -0.227056 -0.002773   
24  0.657832  0.086608  0.418163  0.705295  0.204010  0.744303  0.114189   

          22        23        24  
1   0.206302 -0.007003  0.580300  
2   0.038428  0.316264  0.386923  
3  -0.157543 -0.469212  0.373701  
4   0.102968 -0.088990  0.617984  
5   0.076111 -0.051576  0.239720  
6  -0.375706 -0.398047  0.150678  
7  -0.240412  0.199842  0.232990  
8  -0.479518 -0.079459 -0.215023  
9   0.163690 -0.082902 -0.167018  
10 -0.190873  0.179805  0.425653  
11 -0.275642 -0.063692  0.443301  
12  0.088426  0.259038  0.209035  
13  0.380795 -0.065088  0.135585  
14  0.425700 -0.301108  0.818338  
15  0.149055  0.108842  0.657832  
16 -0.203546 -0.087258  0.086608  
17  0.106204  0.316136  0.418163  
18  0.562632 -0.297988  0.705295  
19 -0.408534  0.239230  0.204010  
20  0.132135 -0.227056  0.744303  
21 -0.071077 -0.002773  0.114189  
22  1.000000 -0.314359  0.419417  
23 -0.314359  1.000000  0.085297  
24  0.419417  0.085297  1.000000  
